     c1 c2 c3   c4 c5 c6   c7 c8 c9
   ----------------------------------
r1 |  1  2  3 |  4  5  6 |  7  8  9 |
r2 | 10 11 12 | 13 14 15 | 16 17 18 |
r3 | 19 20 21 | 22 23 24 | 25 26 27 |
   ----------------------------------
r4 | 28 29 30 | 31 32 33 | 34 35 36 |
r5 | 37 38 39 | 40 41 42 | 43 44 45 |
r6 | 46 47 48 | 49 50 51 | 52 53 54 |
   ----------------------------------
r7 | 55 56 57 | 58 59 60 | 61 62 63 |
r8 | 64 65 66 | 67 68 69 | 70 71 72 |
r9 | 73 74 75 | 76 77 78 | 79 80 81 |
   ----------------------------------
