26 30 38 51 54 67 79 
24 30 44 47 54 67 79 
26 30 42 47 54 67 79 
24 35 39 47 54 67 79 
24 35 38 49 54 66 79 
24 35 40 47 54 66 79 
26 27 40 51 57 65 79 
24 27 44 49 57 65 79 
26 27 42 49 57 65 79 
24 35 40 45 57 65 79 
25 30 44 47 54 67 78 
25 35 39 47 54 67 78 
26 34 39 47 54 67 78 
25 35 38 49 54 66 78 
26 34 38 49 54 66 78 
25 35 40 47 54 66 78 
26 34 40 47 54 66 78 
25 27 44 49 57 65 78 
25 35 40 45 57 65 78 
26 34 40 45 57 65 78 
25 30 44 47 54 69 76 
25 35 39 47 54 69 76 
26 34 39 47 54 69 76 
25 27 39 51 62 65 76 
25 30 42 45 62 65 76 
24 34 39 45 62 65 76 
26 27 39 51 61 65 76 
24 30 44 45 61 65 76 
26 30 42 45 61 65 76 
24 35 39 45 61 65 76 
25 27 44 49 57 69 74 
25 35 40 45 57 69 74 
26 34 40 45 57 69 74 
25 27 39 51 62 67 74 
25 30 42 45 62 67 74 
24 34 39 45 62 67 74 
26 27 39 51 61 67 74 
24 30 44 45 61 67 74 
26 30 42 45 61 67 74 
24 35 39 45 61 67 74 
25 27 40 51 62 66 74 
25 27 42 49 62 66 74 
24 34 40 45 62 66 74 
26 27 40 51 61 66 74 
24 27 44 49 61 66 74 
26 27 42 49 61 66 74 
24 35 40 45 61 66 74 
25 35 38 49 57 69 72 
26 34 38 49 57 69 72 
25 35 40 47 57 69 72 
26 34 40 47 57 69 72 
25 30 38 51 62 67 72 
25 30 42 47 62 67 72 
24 34 39 47 62 67 72 
26 30 38 51 61 67 72 
24 30 44 47 61 67 72 
26 30 42 47 61 67 72 
24 35 39 47 61 67 72 
24 34 38 49 62 66 72 
24 34 40 47 62 66 72 
24 35 38 49 61 66 72 
24 35 40 47 61 66 72 
