12 27 44 50 55 67 78 
12 32 44 45 55 67 78 
14 30 44 45 55 67 78 
14 35 39 45 55 67 78 
12 28 44 50 54 67 78 
12 35 37 50 54 67 78 
13 27 44 50 55 66 78 
14 27 44 49 55 66 78 
13 32 44 45 55 66 78 
13 28 44 50 54 66 78 
13 35 37 50 54 66 78 
14 28 44 49 54 66 78 
14 35 37 49 54 66 78 
13 27 44 50 57 64 78 
14 27 44 49 57 64 78 
13 32 44 45 57 64 78 
13 27 39 51 55 71 77 
12 27 42 49 55 71 77 
13 30 42 45 55 71 77 
13 28 39 51 54 71 77 
13 30 37 51 54 71 77 
12 28 42 49 54 71 77 
12 27 44 49 55 69 77 
13 30 44 45 55 69 77 
13 35 39 45 55 69 77 
12 28 44 49 54 69 77 
12 35 37 49 54 69 77 
13 27 39 51 62 64 77 
12 27 42 49 62 64 77 
13 30 42 45 62 64 77 
14 27 39 51 55 71 76 
12 27 42 50 55 71 76 
12 32 42 45 55 71 76 
14 30 42 45 55 71 76 
14 28 39 51 54 71 76 
12 32 37 51 54 71 76 
14 30 37 51 54 71 76 
12 28 42 50 54 71 76 
12 27 44 50 55 69 76 
12 32 44 45 55 69 76 
14 30 44 45 55 69 76 
14 35 39 45 55 69 76 
12 28 44 50 54 69 76 
12 35 37 50 54 69 76 
14 27 39 51 62 64 76 
12 27 42 50 62 64 76 
12 32 42 45 62 64 76 
14 30 42 45 62 64 76 
13 32 37 51 57 71 72 
13 28 42 50 57 71 72 
14 28 42 49 57 71 72 
13 28 44 50 57 69 72 
13 35 37 50 57 69 72 
14 28 44 49 57 69 72 
14 35 37 49 57 69 72 
14 28 39 51 62 67 72 
12 32 37 51 62 67 72 
14 30 37 51 62 67 72 
12 28 42 50 62 67 72 
13 32 37 51 62 66 72 
13 28 42 50 62 66 72 
14 28 42 49 62 66 72 
