0 32 38 51 55 66 79 
2 27 42 50 55 66 79 
0 32 42 47 55 66 79 
2 32 42 45 55 66 79 
1 32 38 51 54 66 79 
2 32 37 51 54 66 79 
2 28 42 50 54 66 79 
1 32 42 47 54 66 79 
0 28 39 51 59 65 79 
1 27 39 51 59 65 79 
0 30 37 51 59 65 79 
1 30 42 45 59 65 79 
0 32 37 51 57 65 79 
0 28 42 50 57 65 79 
1 27 42 50 57 65 79 
1 32 42 45 57 65 79 
2 27 39 51 59 64 79 
0 30 38 51 59 64 79 
0 30 42 47 59 64 79 
2 30 42 45 59 64 79 
0 32 38 51 57 64 79 
2 27 42 50 57 64 79 
0 32 42 47 57 64 79 
2 32 42 45 57 64 79 
0 32 38 52 55 66 78 
0 34 38 50 55 66 78 
1 32 38 52 54 66 78 
2 32 37 52 54 66 78 
1 34 38 50 54 66 78 
2 34 37 50 54 66 78 
0 28 39 52 59 65 78 
1 27 39 52 59 65 78 
0 30 37 52 59 65 78 
1 34 39 45 59 65 78 
0 32 37 52 57 65 78 
0 34 37 50 57 65 78 
2 27 39 52 59 64 78 
0 30 38 52 59 64 78 
0 34 39 47 59 64 78 
2 34 39 45 59 64 78 
0 32 38 52 57 64 78 
0 34 38 50 57 64 78 
2 27 39 52 55 69 77 
0 30 38 52 55 69 77 
0 34 39 47 55 69 77 
2 34 39 45 55 69 77 
2 28 39 52 54 69 77 
1 30 38 52 54 69 77 
2 30 37 52 54 69 77 
1 34 39 47 54 69 77 
0 28 39 51 61 65 77 
1 27 39 51 61 65 77 
0 30 37 51 61 65 77 
1 30 42 45 61 65 77 
2 27 39 51 61 64 77 
0 30 38 51 61 64 77 
0 30 42 47 61 64 77 
2 30 42 45 61 64 77 
2 28 39 52 59 69 72 
1 30 38 52 59 69 72 
2 30 37 52 59 69 72 
1 34 39 47 59 69 72 
1 32 38 52 57 69 72 
2 32 37 52 57 69 72 
1 34 38 50 57 69 72 
2 34 37 50 57 69 72 
1 32 38 51 61 66 72 
2 32 37 51 61 66 72 
2 28 42 50 61 66 72 
1 32 42 47 61 66 72 
